1.000000000 0.000000000 0.000000000 0.000000000 0.000000000 1.000000000 0.000000000 0.000000000 0.000000000 0.000000000 1.000000000 0.000000000
0.999992293 -0.002113311 -0.003308646 -0.002945987 0.002105653 0.999995100 -0.002316301 -0.006051950 0.003313525 0.002309316 0.999991844 0.677093937
0.999973098 -0.001262080 -0.007225661 -0.016180298 0.001234117 0.999991738 -0.003873106 -0.009001732 0.007230489 0.003864085 0.999966394 1.366884799
0.999937327 -0.001006907 -0.011150286 -0.033806242 0.000946769 0.999984986 -0.005397368 -0.013445029 0.011155553 0.005386473 0.999923267 2.090012413
0.999864576 -0.000044919 -0.016456857 -0.045818801 -0.000053131 0.999982252 -0.005957535 -0.022573926 0.016456832 0.005957603 0.999846828 2.805097470
0.999790553 -0.001046217 -0.020439048 -0.068155085 0.000925215 0.999981997 -0.005928671 -0.035355129 0.020444883 0.005908519 0.999773522 3.536756575
0.999692172 0.000720682 -0.024800039 -0.097677497 -0.000902202 0.999972883 -0.007308901 -0.040116653 0.024794099 0.007329026 0.999665713 4.299833930
0.999550500 0.003330147 -0.029794427 -0.128443765 -0.003564649 0.999963062 -0.007821015 -0.056383732 0.029767282 0.007923706 0.999525449 5.073801870
0.999396789 0.004222496 -0.034470691 -0.154082080 -0.004438205 0.999971032 -0.006183630 -0.070243581 0.034443582 0.006332888 0.999386579 5.822559945
0.999244560 0.003062413 -0.038741846 -0.190707180 -0.003209377 0.999987887 -0.003731815 -0.072999483 0.038729949 0.003853333 0.999242284 6.611592217
0.999114584 0.002895005 -0.041972228 -0.231556756 -0.002935324 0.999995288 -0.000899025 -0.086874236 0.041969428 0.001021431 0.999118373 7.459133126
0.998989902 0.004436430 -0.044715706 -0.291077209 -0.004506990 0.999988752 -0.001477269 -0.102354874 0.044708650 0.001677310 0.998998660 8.276140504
0.998888157 0.003044243 -0.047044464 -0.319013697 -0.003121928 0.999993882 -0.001577928 -0.104561645 0.047039372 0.001723043 0.998891550 9.087073573
0.998798594 0.001507991 -0.048980558 -0.358860501 -0.001628714 0.999995734 -0.002424888 -0.115138970 0.048976693 0.002501750 0.998796789 9.917684270
0.998748904 -0.000955728 -0.049997135 -0.461525782 0.000901755 0.999998986 -0.001102057 -0.115664560 0.049998138 0.001055593 0.998748753 10.791470505
0.998652229 -0.003390598 -0.051790248 -0.491861910 0.003293547 0.999992657 -0.001959150 -0.107155079 0.051796511 0.001785936 0.998656063 11.630908661
0.998551784 0.000432029 -0.053797290 -0.517003159 -0.000645849 0.999991962 -0.003957228 -0.128202637 0.053795148 0.003986242 0.998544036 12.473982755
0.998502760 0.001013825 -0.054691964 -0.609889463 -0.001374299 0.999977579 -0.006553782 -0.145160495 0.054684093 0.006619132 0.998481766 13.375133708
0.998410474 0.004569472 -0.056175130 -0.675946880 -0.005043308 0.999952869 -0.008296114 -0.153632098 0.056134573 0.008566235 0.998386463 14.232250746
0.998334589 0.005990197 -0.057377398 -0.744286667 -0.006458909 0.999947244 -0.007986962 -0.168425894 0.057326527 0.008344256 0.998320611 15.132190172
0.998288052 0.004714864 -0.058298670 -0.803067525 -0.005096295 0.999966560 -0.006395763 -0.179027357 0.058266565 0.006681921 0.998278698 16.006347358
0.998185878 0.004600482 -0.060031560 -0.853843012 -0.004912917 0.999975140 -0.005057946 -0.191195776 0.060006799 0.005343701 0.998183665 16.874298805
0.998021167 0.011937872 -0.061735223 -0.843976991 -0.012229653 0.999915750 -0.004350620 -0.271081876 0.061678085 0.005097011 0.998083080 17.739191287
0.997998337 0.005078733 -0.063035913 -0.969084936 -0.005473278 0.999966490 -0.006087947 -0.219642911 0.063002882 0.006420774 0.997992691 18.693521984
0.997964120 0.003819676 -0.063663379 -1.037190629 -0.004253594 0.999968631 -0.006681679 -0.236746179 0.063635860 0.006938874 0.997949061 19.593144475
0.997863327 0.009934944 -0.064576139 -1.048430430 -0.010236592 0.999938178 -0.004342000 -0.309764792 0.064529009 0.004993763 0.997903337 20.469087028
0.997891996 0.008537263 -0.064332564 -1.150131898 -0.008652831 0.999961411 -0.001518010 -0.288076198 0.064317122 0.002071469 0.997927361 21.459383630
0.997903191 0.010726735 -0.063829134 -1.165607997 -0.010572906 0.999940331 0.002747305 -0.320901110 0.063854795 -0.002066685 0.997957060 22.181890458
0.997910299 0.006291983 -0.064307434 -1.109656123 -0.005901681 0.999963006 0.006257472 -0.346246252 0.064344427 -0.005864874 0.997910516 22.995538324
0.998165517 0.008186445 -0.059988187 -1.348155650 -0.007857452 0.999952781 0.005718137 -0.307913326 0.060032165 -0.005236293 0.998182709 24.279958602
0.998187079 0.008351412 -0.059605447 -1.361521554 -0.008159256 0.999960704 0.003466446 -0.323476644 0.059632054 -0.002973825 0.998215996 25.128042292
0.998239537 0.009705437 -0.058511804 -1.412692827 -0.009818813 0.999950432 -0.001650477 -0.338065933 0.058492885 0.002222088 0.998285352 26.003359192
0.998270936 0.007725099 -0.058270585 -1.438053344 -0.007985775 0.999959116 -0.004242004 -0.347908019 0.058235432 0.004700005 0.998291813 26.935802296
0.998427760 0.003491347 -0.055944787 -1.586118381 -0.003629462 0.999990611 -0.002367359 -0.371407852 0.055935996 0.002566687 0.998431057 27.929323856
0.998421030 0.002120540 -0.056133325 -1.623805395 -0.002002478 0.999995664 0.002159403 -0.371474246 0.056137661 -0.002043588 0.998420947 28.737911384
0.998356876 -0.001131890 -0.057291066 -1.612309124 0.001464038 0.999982363 0.005755907 -0.386616474 0.057283540 -0.005830325 0.998340925 29.609066583
0.998280693 -0.007971872 -0.058069847 -1.749321878 0.008266767 0.999954117 0.004839816 -0.392591639 0.058028600 -0.005311544 0.998300791 30.851174833
0.998168858 -0.010421806 -0.059584537 -1.788969327 0.010492820 0.999944562 0.000879052 -0.401684659 0.059572072 -0.001502652 0.998222876 31.729463875
0.998058837 -0.010454002 -0.061394393 -1.837376007 0.010286777 0.999942471 -0.003039233 -0.398372427 0.061422633 0.002401783 0.998108958 32.664875255
0.997912985 -0.009653426 -0.063847367 -1.888076956 0.009437273 0.999948674 -0.003686189 -0.414457587 0.063879675 0.003075950 0.997952867 33.665500578
0.997939115 -0.008034179 -0.063662976 -1.983641570 0.007952627 0.999967200 -0.001534302 -0.466073038 0.063673215 0.001024852 0.997970276 34.615994589
0.997874517 -0.003735871 -0.065057597 -2.047017623 0.003802150 0.999992371 0.000895004 -0.468879476 0.065053757 -0.001140460 0.997881109 35.627959333
0.997803741 -0.007384452 -0.065826771 -2.135737752 0.007508901 0.999970457 0.001643349 -0.424028750 0.065812692 -0.002134026 0.997829713 36.570174153
0.997750879 -0.003907307 -0.066917238 -2.205446179 0.004262399 0.999977580 0.005164489 -0.500827548 0.066895558 -0.005438101 0.997745164 37.592128242
0.997758629 -0.003236611 -0.066837430 -2.264754923 0.003774598 0.999961477 0.007924468 -0.502230301 0.066809207 -0.008158991 0.997732409 38.590774937
0.997741140 0.002122642 -0.067142479 -2.347489471 -0.001474455 0.999951848 0.009701976 -0.481432623 0.067159839 -0.009581062 0.997696226 39.545316330
0.997745251 0.002172215 -0.067079776 -2.439470108 -0.001552693 0.999955675 0.009286346 -0.492640513 0.067096974 -0.009161253 0.997704399 40.575852570
0.997704204 0.004499499 -0.067572743 -2.464694292 -0.004000360 0.999963721 0.007520180 -0.508868649 0.067604129 -0.007232600 0.997686008 41.469450417
0.997724405 0.009641164 -0.066731253 -2.570409427 -0.009295967 0.999941767 0.005481531 -0.540767580 0.066780215 -0.004848726 0.997755928 42.468186747
0.997685145 0.004166878 -0.067874799 -2.666124621 -0.003826538 0.999979451 0.005143476 -0.502572365 0.067894836 -0.004871844 0.997680588 43.545462346
0.997565635 0.005245757 -0.069536216 -2.702976808 -0.004823680 0.999968919 0.006236420 -0.527118298 0.069566769 -0.005885818 0.997559934 44.480254452
0.997477355 0.006493425 -0.070687778 -2.761927022 -0.005981433 0.999954342 0.007452269 -0.541849242 0.070732942 -0.007010655 0.997470652 45.458063886
0.997431637 0.006655983 -0.071314994 -2.836345356 -0.006380694 0.999971290 0.004087291 -0.538810550 0.071340152 -0.003621754 0.997445470 46.410189614
0.997333853 0.007868946 -0.072548366 -2.917554170 -0.007898395 0.999968800 -0.000119041 -0.557082316 0.072545166 0.000691739 0.997364888 47.418434343
0.997400932 0.008671631 -0.071527503 -3.046448888 -0.008753783 0.999961336 -0.000835134 -0.572376837 0.071517495 0.001459099 0.997438278 48.306161495
0.997345918 0.006979975 -0.072473437 -3.073900344 -0.006867115 0.999974790 0.001806308 -0.557633577 0.072484218 -0.001303831 0.997368707 49.265181203
0.997483172 0.002816151 -0.070847657 -3.230372629 -0.002415525 0.999980610 0.005739801 -0.569060311 0.070862448 -0.005554221 0.997470633 50.230498942
0.997397660 0.002910971 -0.072037724 -3.279532087 -0.002467819 0.999977487 0.006239897 -0.599656187 0.072054267 -0.006045883 0.997382389 51.231273638
0.997408772 0.001076199 -0.071934583 -3.347058855 -0.000717205 0.999987162 0.005016195 -0.610709081 0.071939058 -0.004951605 0.997396738 52.185682825
0.997385663 -0.003263299 -0.072188577 -3.410735355 0.003520891 0.999987880 0.003441357 -0.595650046 0.072176472 -0.003686529 0.997385064 53.075518878
0.997303318 -0.005613786 -0.073174978 -3.480522696 0.005966292 0.999971623 0.004599616 -0.602780084 0.073147080 -0.005023796 0.997308511 54.009234859
0.997192138 -0.007171339 -0.074541343 -3.548764466 0.007879382 0.999926553 0.009208927 -0.632290863 0.074469828 -0.009770409 0.997175403 54.888263820
0.997129138 -0.009664917 -0.075100414 -3.609197667 0.010794570 0.999834405 0.014650570 -0.652118356 0.074946381 -0.015419187 0.997068347 55.762880547
0.997043419 -0.007413202 -0.076481791 -3.669085773 0.008704794 0.999824848 0.016568049 -0.658460933 0.076345573 -0.017184822 0.996933315 56.661094645
0.997056375 -0.003319338 -0.076600052 -3.790206940 0.004292536 0.999912110 0.012543785 -0.659407147 0.076551682 -0.012835670 0.996982992 57.693388347
0.996898927 -0.003755966 -0.078602939 -3.853207958 0.004134287 0.999980638 0.004650891 -0.651003256 0.078583948 -0.004961435 0.996895154 58.641875763
0.996814615 -0.001922352 -0.079730347 -3.919255436 0.001942777 0.999998097 0.000178601 -0.673850176 0.079729852 -0.000332931 0.996816452 59.485151885
0.996747689 0.003237735 -0.080520565 -4.003971590 -0.003132407 0.999994065 0.001434372 -0.696019452 0.080524731 -0.001177484 0.996751916 60.360633398
0.996653816 0.005045360 -0.081582562 -4.092005137 -0.004786707 0.999982880 0.003365724 -0.699017855 0.081598147 -0.002963950 0.996660904 61.266284541
0.996667256 0.008173671 -0.081163856 -4.249191775 -0.007829489 0.999958961 0.004557945 -0.703168648 0.081197780 -0.003907283 0.996690350 62.196088671
0.996431536 0.008786455 -0.083946368 -4.233377542 -0.008397335 0.999952305 0.004987313 -0.729391787 0.083986184 -0.004264590 0.996457793 62.976198394
0.996273579 0.010880115 -0.085560381 -4.319166419 -0.010455232 0.999930694 0.005412427 -0.730669687 0.085613339 -0.004497704 0.996318286 63.836482673
0.996221993 0.011528878 -0.086074532 -4.438757385 -0.011056609 0.999921103 0.005961481 -0.741942355 0.086136470 -0.004987266 0.996270865 64.730949716
0.996101662 0.011383731 -0.087475081 -4.512732317 -0.010802035 0.999916305 0.007120352 -0.769984930 0.087548816 -0.006147686 0.996141260 65.495136346
0.996050587 0.011238947 -0.088073342 -4.612166056 -0.010617307 0.999915331 0.007523508 -0.752982084 0.088150442 -0.006558692 0.996085580 66.285211809
0.995819775 0.013371716 -0.090355810 -4.681075036 -0.012470240 0.999866753 0.010534169 -0.769428084 0.090484630 -0.009363375 0.995853834 67.192057548
0.995700045 0.015611503 -0.091311013 -4.737952665 -0.014322171 0.999788508 0.014758513 -0.769582971 0.091522105 -0.013387280 0.995713054 67.920505767
0.995619559 0.019925435 -0.091349172 -4.884314428 -0.018479205 0.999690591 0.016650535 -0.783901316 0.091652677 -0.014889538 0.995679712 68.674899546
0.995331470 0.021206424 -0.094157062 -4.946471012 -0.020129385 0.999720808 0.012373922 -0.791229889 0.094393181 -0.010420830 0.995480454 69.508753756
0.995183880 0.021661738 -0.095602373 -4.999968468 -0.021318434 0.999762103 0.004610998 -0.782934859 0.095679512 -0.002550698 0.995408923 70.197251529
0.995175503 0.021082527 -0.095818810 -5.113434342 -0.021250337 0.999773919 -0.000731112 -0.801836427 0.095781733 0.002763767 0.995398524 70.885241405
0.995126230 0.022260973 -0.096063705 -5.194067915 -0.022538658 0.999744340 -0.001806385 -0.806136560 0.095998934 0.003962728 0.995373549 71.576434185
0.994932126 0.025556061 -0.097246860 -5.249623687 -0.025481021 0.999673278 0.002013689 -0.826194351 0.097266550 0.000474465 0.995258255 72.261962212
0.994837687 0.025041579 -0.098340710 -5.325566920 -0.024800472 0.999685671 0.003673589 -0.821008602 0.098401791 -0.001215729 0.995146024 72.895341907
0.994912518 0.021973098 -0.098317159 -5.460983721 -0.021941519 0.999758272 0.001402550 -0.859062654 0.098324211 0.000761813 0.995154143 73.544939423
0.994874915 0.014894618 -0.100010265 -5.440159659 -0.015387978 0.999872930 -0.004163450 -0.868174163 0.099935544 0.005681067 0.994977695 74.173689281
0.995025760 0.010713270 -0.099040211 -5.496776867 -0.011667156 0.999890917 -0.009057116 -0.873506818 0.098932376 0.010167582 0.995042213 74.769126334
0.995366919 0.013004751 -0.095265804 -5.593495031 -0.013943968 0.999860455 -0.009199824 -0.887021590 0.095132869 0.010485584 0.995409358 75.359255745
0.995737804 0.017860098 -0.090483388 -5.674361636 -0.018509804 0.999808538 -0.006346272 -0.899569945 0.090352718 0.007994053 0.995877744 75.936701253
0.996196736 0.015954440 -0.085659321 -5.737061448 -0.016274586 0.999862938 -0.003040376 -0.918350865 0.085599073 0.004422882 0.996319847 76.484997237
0.996714556 0.012243897 -0.080063603 -5.782088022 -0.012178700 0.999924988 0.001302592 -0.934600080 0.080073546 -0.000323242 0.996788906 77.027937264
0.997500789 0.007771382 -0.070226647 -5.862360275 -0.007508640 0.999963791 0.004004555 -0.927440330 0.070255225 -0.003467241 0.997523023 77.544412087
0.998074246 0.011687570 -0.060919615 -5.835519911 -0.011442952 0.999925010 0.004362756 -0.951489692 0.060966036 -0.003657254 0.998133141 78.095368524
0.998793170 0.016992582 -0.046080974 -5.865072951 -0.016845800 0.999851720 0.003571819 -0.955759661 0.046134835 -0.002791237 0.998931322 78.592041272
0.999371074 0.021907734 -0.027883835 -5.886836172 -0.021802717 0.999754029 0.004064737 -0.961572522 0.027966026 -0.003454238 0.999602906 79.075814212
0.999771658 0.020585193 -0.005734275 -5.879347655 -0.020560892 0.999779505 0.004264995 -0.961069163 0.005820806 -0.004146119 0.999974464 79.551081333
0.999648083 0.016970002 0.020389420 -5.846836692 -0.017075980 0.999841518 0.005034873 -0.971231945 -0.020300747 -0.005381271 0.999779436 80.034368921
0.998650704 0.015289512 0.049628648 -5.800418705 -0.015641836 0.999855086 0.006718587 -0.985870930 -0.049518733 -0.007485805 0.998745142 80.494318081
0.996466234 0.015390482 0.082572258 -5.740213490 -0.016113454 0.999837390 0.008096342 -0.995218999 -0.082434224 -0.009398256 0.996552192 80.948839443
0.992597516 0.015783706 0.120420288 -5.665448734 -0.016860384 0.999826428 0.007927310 -0.993129372 -0.120274264 -0.009898961 0.992691348 81.394503626
0.986699818 0.015608701 0.161801845 -5.568852770 -0.017074080 0.999824808 0.007670030 -0.998771818 -0.161653780 -0.010330635 0.986793460 81.822707537
0.978277689 0.015131846 0.206745717 -5.454307273 -0.017034291 0.999827338 0.007424741 -1.007300735 -0.206597669 -0.010785226 0.978366538 82.226128345
0.966594670 0.017139888 0.255736130 -5.328984261 -0.019079387 0.999804940 0.005104830 -1.013862080 -0.255598749 -0.009813590 0.966733145 82.616489161
0.950966038 0.018736269 0.308727300 -5.168852434 -0.020291995 0.999792424 0.001828858 -1.026009885 -0.308628950 -0.008003875 0.951148837 83.005258405
0.931005650 0.019140561 0.364502564 -4.982030584 -0.020250280 0.999794640 -0.000777788 -1.031674310 -0.364442597 -0.006657154 0.931202060 83.388671373
0.906638897 0.019360797 0.421463012 -4.788196865 -0.019955790 0.999796364 -0.002999455 -1.036880855 -0.421435259 -0.005691205 0.906840633 83.721842203
0.877597659 0.020051000 0.478978399 -4.572039721 -0.019730940 0.999789069 -0.005701602 -1.043304707 -0.478991690 -0.004446981 0.877808171 84.037211933
0.843935347 0.019071890 0.536105766 -4.324973345 -0.017002969 0.999816692 -0.008802344 -1.044259340 -0.536175371 -0.001686780 0.844104926 84.353528365
0.807858345 0.017967611 0.589102758 -4.064444546 -0.015826985 0.999836100 -0.008790834 -1.072990563 -0.589164154 -0.002221972 0.808010311 84.616967751
0.767761475 0.017169318 0.640505685 -3.781065544 -0.015297872 0.999847152 -0.008464525 -1.080402917 -0.640553115 -0.003299638 0.767906778 84.897015485
0.725785827 0.015954357 0.687735700 -3.478369395 -0.014900259 0.999861077 -0.007470521 -1.083626877 -0.687759345 -0.004825442 0.725922722 85.136805013
0.679695681 0.015438513 0.733331735 -3.197664335 -0.014746388 0.999864017 -0.007381867 -1.095393737 -0.733345979 -0.005796572 0.679830916 85.354800399
0.633782081 0.014701047 0.773371937 -2.869269184 -0.010680444 0.999890383 -0.010254266 -1.092882130 -0.773437911 -0.001760986 0.633869622 85.553884730
0.586858422 0.011718865 0.809604756 -2.532583674 -0.004374208 0.999926552 -0.011303001 -1.105876994 -0.809677750 0.003091882 0.586866579 85.738506584
0.539612206 0.014097585 0.841795655 -2.213491057 -0.007144919 0.999900473 -0.012165300 -1.119728809 -0.841883375 0.000549983 0.539659226 85.907875961
0.492665666 0.016346112 0.870065139 -1.864425555 -0.010329080 0.999862977 -0.012935916 -1.136081738 -0.870157372 -0.002613891 0.492766999 86.064030927
0.447042079 0.018746974 0.894316460 -1.531736358 -0.010302347 0.999821956 -0.015808781 -1.143585542 -0.894453599 -0.002146368 0.447155623 86.199929093
0.405006626 0.015869390 0.914176020 -1.178554280 -0.003326952 0.999868322 -0.015883006 -1.157639033 -0.914307697 0.003391303 0.405006092 86.308381215
0.365379997 0.008876031 0.930816133 -0.799709074 0.012588682 0.999815975 -0.014475523 -1.155352280 -0.930773325 0.017006815 0.365201020 86.401456559
0.329934078 0.005524437 0.943987810 -0.439424333 0.016326984 0.999799907 -0.011557522 -1.159555161 -0.943862773 0.019225695 0.329777863 86.490788880
0.297010263 0.009447100 0.954827553 -0.064805087 0.013839504 0.999803437 -0.014197033 -1.171398166 -0.954773990 0.017431005 0.296821139 86.589292819
0.265581751 0.017223773 0.963934477 0.305924101 0.003006794 0.999820741 -0.018693423 -1.185330816 -0.964083654 0.007862984 0.265482355 86.690576428
0.237174635 0.021533669 0.971228343 0.696279263 -0.000901483 0.999758749 -0.021946090 -1.202389024 -0.971466613 0.004329510 0.237136829 86.781751743
0.212475566 0.023311911 0.976888268 1.028799899 0.003118923 0.999694118 -0.024534511 -1.203460008 -0.977161402 0.008259823 0.212337866 86.820008361
0.188643311 0.024388554 0.981742787 1.459801396 0.008154351 0.999618214 -0.026399488 -1.232784791 -0.982011816 0.012985562 0.188372417 86.882419777
0.168062726 0.030866462 0.985292942 1.900796810 0.014626888 0.999321548 -0.033800867 -1.236893936 -0.985667781 0.020092435 0.167497223 86.939724954
0.148949468 0.037753132 0.988123857 2.296947771 0.017430129 0.999015426 -0.040796677 -1.237612514 -0.988691179 0.023299770 0.148144774 86.977010060
0.131412052 0.038321997 0.990586845 2.724940660 0.014987580 0.999061518 -0.040638114 -1.256787312 -0.991214530 0.020186837 0.130714370 87.027119552
0.115760067 0.033732014 0.992704265 3.193711760 0.013178074 0.999283062 -0.035492267 -1.282989824 -0.993189783 0.017190517 0.115232551 87.084274837
0.101930273 0.030587641 0.994321183 3.655744432 0.015805493 0.999351213 -0.032362636 -1.293557679 -0.994665977 0.019014469 0.101380689 87.110011524
0.088359472 0.028130285 0.995691363 4.127236102 0.015995676 0.999432185 -0.029655457 -1.324934408 -0.995960211 0.018547097 0.087859338 87.146509174
0.076909683 0.027206227 0.996666806 4.639740930 0.020366139 0.999376203 -0.028851778 -1.345397258 -0.996830036 0.022517236 0.076307621 87.175424786
0.066311015 0.027898919 0.997408893 5.157524727 0.023628722 0.999284803 -0.029522306 -1.360748091 -0.997519189 0.025525152 0.065604373 87.210254622
0.058849739 0.028551083 0.997858479 5.722840966 0.025834663 0.999212565 -0.030113453 -1.373386717 -0.997932502 0.027551506 0.058065791 87.235890885
0.053275503 0.028763191 0.998165517 6.290829615 0.028476912 0.999134779 -0.030311032 -1.392446412 -0.998173726 0.030039507 0.052410321 87.265671338
0.048274817 0.029569020 0.998396322 6.803474729 0.030410140 0.999054837 -0.031058925 -1.421602278 -0.998371056 0.031860736 0.047329992 87.261971006
0.041959568 0.029824502 0.998674068 7.351769180 0.030897064 0.999037575 -0.031133506 -1.451967376 -0.998641460 0.032162445 0.040997695 87.285495448
0.037473352 0.030666700 0.998826963 8.044866577 0.032865616 0.998950457 -0.031903522 -1.453832548 -0.998757027 0.034022596 0.036426142 87.327969326
0.034492976 0.030649713 0.998934848 8.652413170 0.034875884 0.998883926 -0.031852406 -1.482177280 -0.998796229 0.035937420 0.033385543 87.345048701
0.031685052 0.029773423 0.999054353 9.230191638 0.035464308 0.998893329 -0.030893376 -1.510786582 -0.998868530 0.036409629 0.030594093 87.345081328
0.029348844 0.028966598 0.999149429 9.856433366 0.037513131 0.998843923 -0.030059645 -1.539734638 -0.998865061 0.038363439 0.028228286 87.355317049
0.029018927 0.028904257 0.999160871 10.621554718 0.043424814 0.998601676 -0.030149280 -1.550211965 -0.998635162 0.044263275 0.027723187 87.377582370
0.030010034 0.028318843 0.999148358 11.305263516 0.047033033 0.998451354 -0.029711754 -1.577481409 -0.998442433 0.047884629 0.028631638 87.394550734
0.031315057 0.028554434 0.999101602 11.969071186 0.047966919 0.998397170 -0.030037739 -1.604274279 -0.998357923 0.048864459 0.029895196 87.446434847
0.036595136 0.028323024 0.998928727 12.720514985 0.050970185 0.998244338 -0.030170881 -1.629914831 -0.998029477 0.052019690 0.035087257 87.437345259
0.039766303 0.027760473 0.998823306 13.454191446 0.051476663 0.998229686 -0.029793422 -1.661625113 -0.997882155 0.052600865 0.038266888 87.508774925
0.044635093 0.025731619 0.998671914 14.190020134 0.052506836 0.998226067 -0.028066895 -1.695556576 -0.997622544 0.053689871 0.043204828 87.511132304
0.047830248 0.024170937 0.998562984 14.946911138 0.054214348 0.998170727 -0.026758259 -1.703103907 -0.997383112 0.055416296 0.046432342 87.584403700
0.052682576 0.022226647 0.998363923 15.725412571 0.050541849 0.998411625 -0.024894748 -1.740630108 -0.997331473 0.051770678 0.051475520 87.607116453
0.056323926 0.021016900 0.998191317 16.514363748 0.048245607 0.998553178 -0.023746825 -1.776992067 -0.997246197 0.049495861 0.055228463 87.651803534
0.059703167 0.022295251 0.997967161 17.308222413 0.045154376 0.998666847 -0.025012234 -1.801051533 -0.997194371 0.046555894 0.058616846 87.723964916
0.062517225 0.026373286 0.997695368 18.170074694 0.044796167 0.998569209 -0.029203386 -1.824898378 -0.997038063 0.046518643 0.061246354 87.811744243
0.063515566 0.031641200 0.997479126 18.972027750 0.038772641 0.998664417 -0.034147689 -1.857331960 -0.997227384 0.040843809 0.062203923 87.880465088
0.063276108 0.034842139 0.997387668 19.747471268 0.034259828 0.998725510 -0.037062380 -1.901011190 -0.997407840 0.036515494 0.062001777 87.935049871
0.063631387 0.034600443 0.997373479 20.576425918 0.034026629 0.998742492 -0.036818799 -1.924610333 -0.997393220 0.036280089 0.062374033 87.997063284
0.063609380 0.032614419 0.997441801 21.401296280 0.029977964 0.998952377 -0.034575583 -1.972829720 -0.997524520 0.032100606 0.062565028 88.050725414
0.063111883 0.031480180 0.997509844 22.204727753 0.031649699 0.998936531 -0.033527663 -2.005940142 -0.997504480 0.033686881 0.062048428 88.114665993
0.064945820 0.030229250 0.997430816 22.965793288 0.029414309 0.999048735 -0.032193541 -2.051243139 -0.997455181 0.031429574 0.063994867 88.129090891
0.065259824 0.030627807 0.997398162 23.752282018 0.028652988 0.999059193 -0.032553580 -2.092558931 -0.997456847 0.030702879 0.064320849 88.162909000
0.064770064 0.031747450 0.997395076 24.558040665 0.025232298 0.999122130 -0.033440989 -2.132003802 -0.997581160 0.027332545 0.063912143 88.267220485
0.062582973 0.032722845 0.997503176 25.424814879 0.019861096 0.999223604 -0.034025361 -2.179954447 -0.997842126 0.021940915 0.061884472 88.335754791
0.061052430 0.032199464 0.997615054 26.196537179 0.018708962 0.999267014 -0.033397742 -2.213119962 -0.997959205 0.020703356 0.060405261 88.348677505
0.056684565 0.031183296 0.997905037 26.988207449 0.016528707 0.999345822 -0.032167208 -2.250210890 -0.998255309 0.018317465 0.056132064 88.423488216
0.050391497 0.028668557 0.998317991 27.842329729 0.013375281 0.999478910 -0.029377031 -2.291476889 -0.998639975 0.014833136 0.049981788 88.504644303
0.044257549 0.026363848 0.998672227 28.665312452 0.010141983 0.999588360 -0.026837489 -2.335608024 -0.998968673 0.011316278 0.043971949 88.550515970
0.037489249 0.027188673 0.998927091 29.436867727 0.012485950 0.999539021 -0.027673920 -2.345184592 -0.999219024 0.013510028 0.037132491 88.564575102
0.030732860 0.028162720 0.999130799 30.144399221 0.010258053 0.999541446 -0.028489829 -2.378556460 -0.999474994 0.011124710 0.030429872 88.510254294
0.018224405 0.028328110 0.999432534 31.071180400 0.009855892 0.999544888 -0.028511014 -2.435955545 -0.999785343 0.010369896 0.017936912 88.622389599
0.008662924 0.027441708 0.999585867 31.878258757 0.011899914 0.999549763 -0.027543848 -2.461497120 -0.999891667 0.012133596 0.008332470 88.621930286
-0.002767383 0.026449349 0.999646324 32.637693045 0.009853066 0.999602347 -0.026420909 -2.492172341 -0.999947628 0.009776465 -0.003026890 88.626122889
-0.014755714 0.025494999 0.999566043 33.415824219 0.010962181 0.999618924 -0.025334523 -2.533184032 -0.999831035 0.010583595 -0.015029572 88.627084665
-0.025382806 0.026566465 0.999324740 34.165166022 0.012693320 0.999574800 -0.026250703 -2.533327305 -0.999597215 0.012018432 -0.025709230 88.599400042
-0.036439983 0.027411983 0.998959814 34.939304501 0.012727214 0.999555380 -0.026964064 -2.566023214 -0.999254795 0.011731405 -0.036772659 88.572043856
-0.045950699 0.028053101 0.998549727 35.722056293 0.013147926 0.999535999 -0.027475775 -2.605032869 -0.998857180 0.011866327 -0.046298218 88.502697061
-0.056719929 0.029536079 0.997953140 36.472100220 0.014146421 0.999485738 -0.028777409 -2.622544471 -0.998289902 0.012485212 -0.057108589 88.472915798
-0.066708512 0.030147669 0.997316947 37.273628593 0.013380483 0.999480572 -0.029318079 -2.668158105 -0.997682784 0.011388817 -0.067077252 88.444828797
-0.075903161 0.030433511 0.996650647 38.003595606 0.014405668 0.999463259 -0.029422286 -2.703799874 -0.997011127 0.012124174 -0.076300836 88.363362533
-0.085210226 0.030493442 0.995896263 38.723411529 0.015915439 0.999445696 -0.029240376 -2.739554830 -0.996235874 0.013358547 -0.085648310 88.300831516
-0.092415183 0.029830496 0.995273618 39.399909528 0.015977206 0.999466877 -0.028472629 -2.778326707 -0.995592368 0.013270389 -0.092842522 88.191742539
-0.098863292 0.029380400 0.994667201 40.115014400 0.020135890 0.999418446 -0.027519369 -2.785076404 -0.994897279 0.017307854 -0.099397398 88.096969692
-0.106277451 0.027319930 0.993961128 40.925605651 0.021779035 0.999446623 -0.025142021 -2.835475628 -0.994097972 0.018975485 -0.106813641 88.074358611
-0.109821448 0.026040190 0.993610164 41.634758245 0.025181569 0.999408781 -0.023408897 -2.854635437 -0.993632295 0.022449864 -0.110412253 87.995481334
-0.111037275 0.024793801 0.993506915 42.297380712 0.026657945 0.999403343 -0.021961580 -2.889457914 -0.993458644 0.024046299 -0.111631976 87.864137606
-0.113575257 0.023941753 0.993240884 42.968887981 0.026820348 0.999419165 -0.021023821 -2.914900620 -0.993167322 0.024251281 -0.114151415 87.813192812
-0.113739771 0.024087689 0.993218530 43.624160618 0.026881517 0.999414657 -0.021159585 -2.945248413 -0.993146841 0.024292534 -0.114320708 87.713776102
-0.112599926 0.025323469 0.993317662 44.421825992 0.027874010 0.999362273 -0.022317843 -2.985028103 -0.993249363 0.025174759 -0.113233985 87.631569660
-0.108988150 0.026416465 0.993691981 44.918279343 0.028281696 0.999324559 -0.023464266 -2.995904610 -0.993640644 0.025545968 -0.109661638 87.555318016
-0.104183637 0.027346192 0.994182054 45.533017359 0.028687690 0.999288611 -0.024480376 -3.021311424 -0.994144248 0.025970332 -0.104894021 87.503037968
-0.096189353 0.028101543 0.994966287 46.193929964 0.028389467 0.999272175 -0.025478578 -3.052488101 -0.994958113 0.025795795 -0.096917132 87.455605732
-0.085360163 0.027123557 0.995980901 46.802480266 0.025477358 0.999361945 -0.025032106 -3.103830609 -0.996024371 0.023238218 -0.085996735 87.420325888
-0.071913460 0.028253326 0.997010634 47.436568589 0.026107901 0.999309537 -0.026435334 -3.120424390 -0.997069121 0.024128798 -0.072601441 87.382720911
-0.054314278 0.029764297 0.998080180 47.980858307 0.024917820 0.999284758 -0.028444223 -3.142643028 -0.998212934 0.023325055 -0.055017091 87.354485643
-0.033058454 0.032027514 0.998940127 48.468745422 0.023813364 0.999227924 -0.031248673 -3.172674571 -0.999169686 0.022755092 -0.033795613 87.361801638
-0.009180557 0.035091687 0.999341929 49.022941152 0.020788307 0.999174758 -0.034894843 -3.202629378 -0.999741748 0.020454273 -0.009902477 87.387972806
0.019604857 0.036403301 0.999144859 49.512782003 0.018916676 0.999144533 -0.036774465 -3.231536877 -0.999628836 0.019621458 0.018899456 87.398252011
0.053378144 0.035617842 0.997938948 49.990968754 0.016145278 0.999202254 -0.036526516 -3.262655392 -0.998443841 0.018061719 0.052760502 87.432100292
0.091581615 0.034312292 0.995206247 50.562072197 0.017548656 0.999195367 -0.036064703 -3.266500331 -0.995642934 0.020767396 0.090905790 87.506293197
0.134663089 0.032788244 0.990348819 50.924086022 0.017613261 0.999215278 -0.035476763 -3.236166487 -0.990734892 0.022220683 0.133979908 87.550060014
0.179586404 0.025613618 0.983408697 51.455164621 0.010118567 0.999560005 -0.027882106 -3.325539526 -0.983690164 0.014957934 0.179248214 87.685009059
0.229074404 0.021931429 0.973161821 51.989369547 0.004581377 0.999710791 -0.023608163 -3.362186505 -0.973398135 0.009866447 0.228907677 87.809397236
0.281298525 0.023526104 0.959331883 52.384479969 0.004480513 0.999656340 -0.025828789 -3.314252427 -0.959609850 0.011563900 0.281096445 87.966553762
0.335566058 0.022714534 0.941742784 52.829645803 0.002268577 0.999686863 -0.024920476 -3.354095547 -0.942013946 0.010498882 0.335409450 88.159364479
0.392467250 0.020946213 0.919527441 53.279046612 0.000742171 0.999733115 -0.023090013 -3.414827742 -0.919765681 0.009744520 0.392346960 88.386906106
0.450902384 0.024923238 0.892225236 53.638693071 0.003240434 0.999557783 -0.029559057 -3.413205583 -0.892567386 0.016219446 0.450622226 88.622232113
0.506934878 0.029920185 0.861464922 53.978039822 0.002119462 0.999351111 -0.035956426 -3.420524303 -0.861981750 0.020053409 0.506542519 88.916913597
0.568479521 0.032553986 0.822053084 54.417516924 -0.002001240 0.999268571 -0.038187936 -3.458228687 -0.822694979 0.020063934 0.568128867 89.190973105
0.624578937 0.033089327 0.780260372 54.710674464 -0.003578632 0.999212764 -0.039510067 -3.489200873 -0.780953485 0.021884890 0.624205660 89.491419224
0.675926899 0.035773163 0.736099931 55.007596492 -0.006844044 0.999082821 -0.042269097 -3.492357685 -0.736936894 0.023532919 0.675551786 89.847563786
0.725539972 0.033870564 0.687346008 55.315630828 -0.008112434 0.999139631 -0.040671696 -3.514189350 -0.688132210 0.023932892 0.725190512 90.193237886
0.770565831 0.031371097 0.636587900 55.575726360 -0.011243360 0.999301588 -0.035635988 -3.523743595 -0.637261239 0.020302488 0.770380375 90.582837683
0.811350234 0.026326725 0.583967210 55.792938638 -0.012270907 0.999532252 -0.028012545 -3.546343907 -0.584431539 0.015562178 0.811293779 90.967405793
0.847581590 0.026641256 0.529995935 55.994614126 -0.017710500 0.999602761 -0.021923904 -3.550375775 -0.530369481 0.009195804 0.847716728 91.386017877
0.878221741 0.022497384 0.477724231 56.107727524 -0.018330003 0.999742409 -0.013383834 -3.579586908 -0.477902275 0.002997287 0.878407896 91.698810028
0.904262142 0.021842857 0.426418655 56.319828930 -0.020436654 0.999760145 -0.007873776 -3.594429630 -0.426488362 -0.001594613 0.904491644 92.196733478
0.924442181 0.024919851 0.380507102 56.467601305 -0.025242442 0.999672773 -0.004143203 -3.598881913 -0.380485838 -0.005774777 0.924768717 92.640376842
0.939503255 0.030500034 0.341179399 56.555647048 -0.032258968 0.999479410 -0.000518058 -3.618038528 -0.341017585 -0.010519378 0.939998058 93.045672163
0.951327157 0.034057583 0.306295155 56.651043178 -0.035379587 0.999373182 -0.001236301 -3.608964754 -0.306145269 -0.009660469 0.951935791 93.488128935
0.960785444 0.034981696 0.275077464 56.773789356 -0.036157625 0.999345782 -0.000796469 -3.619919733 -0.274925365 -0.009180912 0.961421736 93.918932278
0.966908147 0.030484166 0.253296960 56.870382825 -0.031321843 0.999509087 -0.000725853 -3.627545248 -0.253194741 -0.007231894 0.967388300 94.373484803
0.970850270 0.029215178 0.237899613 56.970835612 -0.030299994 0.999540441 0.000903763 -3.634233457 -0.237763881 -0.008085775 0.971289327 94.850330894
0.973824359 0.031428500 0.225118562 57.084977581 -0.032242676 0.999480068 -0.000059771 -3.635643407 -0.225003394 -0.007200218 0.974331376 95.378524299
0.975854717 0.035908939 0.215448649 57.176432195 -0.036867658 0.999320064 0.000431450 -3.636348273 -0.215286664 -0.008364119 0.976515076 95.879247855
0.976798420 0.044552798 0.209475286 57.271866454 -0.045340767 0.998971036 -0.001041489 -3.633659106 -0.209306145 -0.008480446 0.977813387 96.375060363
0.977327776 0.049107565 0.205958406 57.369273938 -0.049198842 0.998778033 -0.004681343 -3.633645777 -0.205936621 -0.005557708 0.978549549 96.883549498
0.977314134 0.050589939 0.205664147 57.469102547 -0.050149036 0.998714631 -0.007359333 -3.641795440 -0.205772100 -0.003121479 0.978594962 97.412514872
0.976920558 0.049457502 0.207798408 57.579211298 -0.048339197 0.998776214 -0.010459278 -3.666006413 -0.208061397 0.000173076 0.978115752 97.881183347
0.976298653 0.047074269 0.211246193 57.712968491 -0.044314625 0.998859366 -0.017781461 -3.649711695 -0.211842288 0.007998720 0.977271132 98.430367186
0.975411445 0.047885451 0.215126698 57.842103832 -0.044104424 0.998777011 -0.022344635 -3.667430922 -0.215933583 0.012307174 0.976330488 99.056701255
0.974056870 0.052661987 0.220090727 57.944340427 -0.049026462 0.998556220 -0.021951819 -3.686884084 -0.220928991 0.010592050 0.975232377 99.601108693
0.972788655 0.055555601 0.224935119 58.099251072 -0.052875947 0.998440209 -0.017924389 -3.700936389 -0.225580068 0.005542985 0.974208863 100.193512354
0.971480483 0.053428021 0.231021898 58.205684757 -0.051697477 0.998570967 -0.013542354 -3.706135428 -0.231415301 0.001212883 0.972854299 100.775885720
0.971038447 0.048900028 0.233865605 58.391633355 -0.048497995 0.998795323 -0.007473102 -3.736558155 -0.233949307 -0.004085344 0.972240213 101.418791615
0.970263349 0.046065364 0.237627893 58.547206864 -0.046658153 0.998906005 -0.003132094 -3.740782213 -0.237512210 -0.008048322 0.971351211 102.053383667
0.969864567 0.040996881 0.240170726 58.704666732 -0.041705927 0.999127655 -0.002131888 -3.755043977 -0.240048615 -0.007948901 0.970728323 102.662305002
0.969815805 0.038552267 0.240771731 58.870513394 -0.038311222 0.999249691 -0.005683857 -3.765218036 -0.240810203 -0.003711965 0.970565128 103.326470340
0.969914712 0.038126156 0.240440944 59.024538853 -0.036093315 0.999265749 -0.012854406 -3.775395269 -0.240754489 0.003789367 0.970578651 103.965487712
0.970118354 0.040102833 0.239295094 59.184370105 -0.036514354 0.999144565 -0.019412358 -3.791187460 -0.239868883 0.010094578 0.970752810 104.601800899
0.970690910 0.043092861 0.236436381 59.342779201 -0.038718951 0.998982785 -0.023113588 -3.800021202 -0.237191905 0.013281581 0.971372019 105.268219378
0.971238071 0.041428687 0.234478726 59.477810977 -0.038062422 0.999097261 -0.018865737 -3.809993598 -0.235048636 0.009398293 0.971938172 105.922792881
0.971683645 0.037308755 0.233321563 59.664176257 -0.035682137 0.999300538 -0.011190179 -3.828146185 -0.233575855 0.002547902 0.972335245 106.669517224
0.972211658 0.037733418 0.231042597 59.831181285 -0.037463386 0.999282547 -0.005557440 -3.842968628 -0.231086537 -0.003252630 0.972927764 107.385978301
0.972563290 0.040209713 0.229137133 59.969185258 -0.039810481 0.999186966 -0.006366529 -3.854460022 -0.229206833 -0.002930207 0.973373331 108.091751923
0.972819277 0.046634519 0.226821241 60.139780759 -0.045303720 0.998911896 -0.011072346 -3.864937080 -0.227090789 0.000495545 0.973873466 108.827078019
0.973679684 0.047183258 0.222983437 60.285960476 -0.044661669 0.998868518 -0.016340725 -3.888808889 -0.223502144 0.005951819 0.974685266 109.569984329
0.974590840 0.045553446 0.219311603 60.447886625 -0.042311394 0.998914946 -0.019459626 -3.891183302 -0.219960091 0.009685794 0.975460785 110.321897433
0.975536563 0.043056417 0.215579587 60.606493257 -0.040219715 0.999037070 -0.017530202 -3.923168136 -0.216126787 0.008430804 0.976328906 111.110577884
0.976445442 0.039026880 0.212205566 60.771263278 -0.036552641 0.999210401 -0.015571714 -3.932270488 -0.212645724 0.007448255 0.977100977 111.877815096
0.976891776 0.038442441 0.210248989 60.952497294 -0.036498828 0.999247590 -0.013118309 -3.949274064 -0.210595096 0.005141326 0.977559856 112.674390012
0.977219955 0.036032624 0.209147818 61.116459728 -0.034618357 0.999346283 -0.010419999 -3.979406747 -0.209386554 0.002942277 0.977828520 113.446686795
0.977551591 0.029036497 0.208685815 61.285493167 -0.027578905 0.999570688 -0.009891564 -3.976139500 -0.208883440 0.003914188 0.977932711 114.300703843
0.977723672 0.029379063 0.207829957 61.461001324 -0.028367229 0.999566762 -0.007847877 -3.994502902 -0.207970480 0.001777495 0.978133488 115.093790378
0.977279726 0.037381063 0.208631238 61.616761250 -0.036330019 0.999300492 -0.008868874 -4.043295995 -0.208816827 0.001087794 0.977954165 115.868169794
0.977002385 0.042331879 0.208984093 61.774307124 -0.040587331 0.999096153 -0.012631097 -4.047966996 -0.209329901 0.003858505 0.977837463 116.712727030
0.976305057 0.051276763 0.210235888 61.923607624 -0.049320320 0.998677143 -0.014542017 -4.051285260 -0.210703444 0.003828544 0.977542532 117.539096380
0.975388592 0.057166670 0.212953204 62.103600569 -0.055440439 0.998362800 -0.014074010 -4.070073282 -0.213409121 0.001921410 0.976961030 118.377721335
0.974528050 0.060207257 0.216032788 62.270928025 -0.058962969 0.998185542 -0.012206232 -4.085593622 -0.216375709 -0.000842619 0.976309809 119.235847146
0.973924290 0.060797989 0.218575115 62.444184262 -0.059531370 0.998149636 -0.012382213 -4.125313809 -0.218923485 -0.000952738 0.975741564 120.012577361
0.973761983 0.058718899 0.219862891 62.637101178 -0.056530417 0.998268825 -0.016237737 -4.111689295 -0.220435732 0.003382750 0.975395635 120.866814031
0.973689746 0.052642549 0.221713873 62.822440705 -0.050670409 0.998609033 -0.014577648 -4.138382717 -0.222172881 0.002959774 0.975002795 121.667120668
0.973975389 0.046258908 0.221882976 63.021315939 -0.043918808 0.998915295 -0.015471639 -4.186879930 -0.222358000 0.005324160 0.974950549 122.520426590
0.973695220 0.045609261 0.223242946 63.203009884 -0.043188913 0.998943322 -0.015714846 -4.207114674 -0.223723793 0.005659850 0.974636153 123.339944732
0.973278866 0.047740470 0.224608763 63.390481788 -0.045986877 0.998856991 -0.013035321 -4.217034306 -0.224974345 0.002357947 0.974361834 124.161055783
0.972901695 0.049696125 0.225815385 63.579279088 -0.049233733 0.998757738 -0.007682413 -4.235135480 -0.225916649 -0.003643502 0.974139822 124.986865645
0.972450596 0.052916866 0.227023445 63.762135065 -0.053535263 0.998560045 -0.003436958 -4.254765805 -0.226878414 -0.008811487 0.973883229 125.810021963
0.972171033 0.053265771 0.228136451 63.948295024 -0.052314508 0.998578368 -0.010219308 -4.276730404 -0.228356465 -0.001999931 0.973575537 126.639634885
0.972483643 0.048671493 0.227830310 64.125018859 -0.044240985 0.998720024 -0.024516318 -4.297436097 -0.228731938 0.013762281 0.973392161 127.443561795
